0 0.295898 0.742188 0.384766 0.449219
0 0.683594 0.613281 0.246094 0.332031
0 0.514648 0.504883 0.173828 0.228516
0 0.174805 0.531250 0.212891 0.152344
0 0.167969 0.510742 0.253906 0.216797
0 0.457031 0.429688 0.234375 0.125000
3 0.711914 0.641602 0.146484 0.408203
3 0.797852 0.616211 0.072266 0.357422
3 0.393555 0.754883 0.138672 0.458984
3 0.249023 0.756836 0.169922 0.431641
3 0.161133 0.623047 0.095703 0.367188
3 0.264648 0.568359 0.083984 0.296875
3 0.405273 0.426758 0.064453 0.166016
3 0.459961 0.416016 0.052734 0.164062
3 0.194336 0.409180 0.076172 0.091797
3 0.103516 0.415039 0.074219 0.099609
3 0.523438 0.528320 0.054688 0.283203
3 0.585938 0.508789 0.046875 0.244141
