3 0.226562 0.697266 0.140625 0.351562
3 0.520508 0.701172 0.158203 0.363281
3 0.694336 0.705078 0.177734 0.378906
3 0.059570 0.700195 0.111328 0.380859
3 0.477539 0.524414 0.087891 0.076172
3 0.606445 0.529297 0.076172 0.070312
3 0.129883 0.520508 0.080078 0.056641
3 0.267578 0.521484 0.085938 0.062500
3 0.563477 0.507812 0.060547 0.070312
3 0.460938 0.499023 0.062500 0.056641
3 0.189453 0.499023 0.070312 0.056641
3 0.297852 0.503906 0.072266 0.058594
0 0.639648 0.759766 0.431641 0.316406
0 0.151367 0.759766 0.298828 0.312500
0 0.556641 0.642578 0.304688 0.191406
0 0.181641 0.630859 0.289062 0.171875
