4 0.727539 0.554688 0.072266 0.199219
4 0.794922 0.551758 0.070312 0.216797
4 0.357422 0.474609 0.121094 0.289062
4 0.459961 0.550781 0.099609 0.386719
4 0.503906 0.669922 0.113281 0.222656
4 0.366211 0.665039 0.115234 0.130859
4 0.205078 0.564453 0.062500 0.253906
4 0.156250 0.933594 0.101562 0.125000
4 0.263672 0.917969 0.105469 0.152344
4 0.310547 0.792969 0.097656 0.140625
4 0.222656 0.805664 0.097656 0.130859
4 0.630859 0.836914 0.160156 0.326172
4 0.776367 0.904297 0.138672 0.191406
4 0.778320 0.825195 0.208984 0.341797
4 0.931641 0.818359 0.136719 0.339844
